# This is a heavy-load test case for benchmark.py, avoid using for mp4 visualizer
# best = 417.6
# --- City Names ---
City_1
City_2
City_3
City_4
City_5
City_6
City_7
City_8
City_9
City_10
City_11
City_12
City_13
City_14
City_15
City_16
City_17
City_18
City_19
City_20
City_21
City_22
City_23
City_24
City_25
City_26
City_27
City_28
City_29
City_30
City_31
City_32
City_33
City_34
City_35
City_36
City_37
City_38
City_39
City_40
City_41
City_42
City_43
City_44
City_45
City_46
City_47
City_48
City_49
City_50
City_51
City_52
City_53
City_54
City_55
City_56
City_57
City_58
City_59
City_60
City_61
City_62
City_63
City_64
City_65
City_66
City_67
City_68
City_69
City_70
City_71
City_72
City_73
City_74
City_75
City_76
City_77
City_78
City_79
City_80
City_81
City_82
City_83
City_84
City_85
City_86
City_87
City_88
City_89
City_90
City_91
City_92
City_93
City_94
City_95
City_96
City_97
City_98
City_99
City_100
City_101
City_102
City_103
City_104
City_105
City_106
City_107
City_108
City_109
City_110
City_111
City_112
City_113
City_114
City_115
City_116
City_117
City_118
City_119
City_120

# --- Distance Matrix (120x120) ---
0.0      53.5     5.8      115.5    1.2      97.4     999999.0 74.2     79.5     109.7    107.6    123.9    25.9     69.7     999999.0 71.0     999999.0 73.6     98.7     9.4      22.6     118.5    92.3     999999.0 27.1     74.1     91.7     10.4     15.9     53.4     122.5    76.3     30.4     24.4     105.7    32.9     57.4     999999.0 51.0     67.8     91.4     118.9    999999.0 84.3     60.6     17.5     3.5      99.9     5.4      65.9     33.1     999999.0 118.2    21.6     28.3     80.9     999999.0 11.1     100.7    80.8     84.5     58.4     44.3     22.2     87.4     49.0     999999.0 9.1      29.1     999999.0 28.9     33.1     8.4      79.3     103.7    999999.0 100.7    48.2     16.8     29.2     28.8     84.5     25.5     999999.0 11.5     15.0     26.9     5.3      121.0    57.8     93.9     10.6     106.0    13.0     2.4      123.3    999999.0 46.3     76.9     107.0    999999.0 89.7     85.6     68.8     7.3      64.4     91.7     2.3      40.8     48.2     50.9     51.5     72.5     999999.0 69.8     22.8     2.1      49.7     70.3     999999.0
53.5     0.0      98.0     62.0     79.9     110.0    10.3     44.0     37.8     6.7      123.8    68.2     37.2     999999.0 119.6    23.1     120.9    48.2     999999.0 35.7     100.5    53.0     999999.0 8.8      999999.0 40.6     6.0      7.0      62.2     51.2     97.2     105.1    96.9     22.3     70.8     50.3     110.1    75.2     50.6     5.4      101.9    82.3     81.1     13.4     7.8      103.6    51.2     93.6     999999.0 75.3     121.6    999999.0 7.3      33.9     35.7     122.3    5.5      999999.0 71.7     56.4     25.5     78.1     42.4     106.5    27.9     123.5    71.7     42.8     74.5     16.3     110.1    62.2     108.1    34.6     65.6     94.1     71.1     34.7     63.6     118.6    85.4     105.3    40.9     47.1     38.8     73.7     61.0     33.6     48.6     107.6    94.2     4.3      999999.0 120.3    99.3     89.8     104.6    103.7    999999.0 47.7     31.8     91.6     105.8    123.3    999999.0 97.1     54.9     102.0    47.0     95.0     72.2     82.0     26.5     52.8     109.9    6.9      3.7      82.9     55.4     999999.0
5.8      98.0     0.0      12.4     9.9      21.9     93.1     81.6     77.8     58.7     66.4     19.3     73.8     28.2     67.0     97.9     999999.0 52.8     33.0     7.3      96.6     61.4     2.7      103.3    76.9     114.4    13.6     62.5     81.1     25.4     22.4     65.4     85.6     120.2    2.2      115.5    999999.0 78.8     21.7     64.5     123.8    46.2     32.0     97.8     77.5     29.0     49.2     999999.0 66.7     23.5     19.1     36.8     999999.0 72.6     52.9     82.8     999999.0 83.4     13.1     999999.0 999999.0 53.5     114.3    56.6     33.6     37.6     87.9     999999.0 28.8     999999.0 34.0     999999.0 31.2     49.0     72.4     42.1     28.8     999999.0 62.3     999999.0 31.7     86.9     31.5     79.3     96.3     1.5      6.1      6.5      53.2     55.9     35.7     108.5    93.0     62.0     24.9     11.4     46.0     70.5     45.8     9.8      23.4     59.5     999999.0 33.6     55.9     20.1     20.5     81.0     15.4     82.3     100.7    118.9    35.6     50.7     50.6     9.3      9.1      35.8     42.7     91.9
115.5    62.0     12.4     0.0      96.8     999999.0 77.2     112.4    49.1     2.8      999999.0 58.5     58.9     58.7     101.0    47.1     999999.0 46.6     999999.0 999999.0 999999.0 999999.0 24.1     33.7     999999.0 88.8     18.7     79.6     47.7     92.8     999999.0 87.1     85.6     45.6     41.5     112.3    32.1     103.2    63.5     117.0    50.3     124.5    10.1     38.8     85.1     57.3     108.8    119.9    95.5     49.0     123.4    48.4     999999.0 72.9     24.0     24.3     112.8    999999.0 95.9     100.2    47.0     18.4     29.3     15.6     25.0     95.4     82.8     28.5     69.5     76.0     114.6    99.2     999999.0 81.6     105.5    37.3     105.7    36.3     62.6     10.2     39.2     999999.0 30.6     119.4    30.1     999999.0 75.4     44.4     51.3     44.0     52.8     29.2     36.9     27.1     999999.0 99.0     42.3     8.4      42.3     41.3     59.0     999999.0 10.2     82.5     3.0      62.9     37.8     999999.0 12.7     98.8     57.5     999999.0 77.6     118.1    999999.0 101.3    89.5     1.2      69.8     93.4
1.2      79.9     9.9      96.8     0.0      21.7     112.3    47.3     62.3     104.6    58.7     18.6     999999.0 87.9     40.9     999999.0 111.5    75.7     999999.0 999999.0 10.0     28.1     116.2    27.1     85.1     112.5    58.5     94.2     72.5     19.0     93.1     93.8     999999.0 999999.0 46.6     12.0     102.1    113.8    999999.0 51.1     92.6     16.3     999999.0 56.8     62.7     123.9    62.9     121.2    6.6      19.7     124.4    59.9     999999.0 70.0     39.5     70.1     7.1      999999.0 999999.0 93.7     29.7     5.8      28.5     100.3    9.5      17.8     999999.0 96.6     80.1     66.6     999999.0 97.4     14.8     99.8     43.1     121.2    66.2     100.7    31.8     10.3     115.5    24.5     65.0     100.7    8.9      45.9     999999.0 999999.0 57.0     61.2     999999.0 27.7     108.7    31.1     91.1     72.3     999999.0 66.2     117.4    82.8     11.0     54.2     59.3     65.2     7.6      999999.0 83.3     19.8     24.8     60.0     999999.0 8.5      75.4     999999.0 999999.0 103.6    58.0     999999.0 108.5    53.6
97.4     110.0    21.9     999999.0 21.7     0.0      999999.0 83.4     86.2     10.1     80.6     74.3     999999.0 52.5     110.8    24.4     42.3     123.9    3.6      77.3     46.2     48.1     12.3     999999.0 39.5     122.5    999999.0 20.2     999999.0 92.8     999999.0 48.2     6.9      999999.0 33.4     4.9      69.3     10.8     52.5     105.9    21.2     49.1     95.5     123.0    73.3     90.8     999999.0 68.9     17.6     87.2     20.3     45.0     12.1     121.9    19.4     999999.0 41.3     999999.0 999999.0 23.5     100.5    92.0     45.7     8.4      999999.0 22.5     48.5     68.9     58.2     65.5     101.4    69.1     66.3     11.7     102.9    40.2     63.4     104.4    13.9     26.8     91.0     117.7    999999.0 90.2     21.6     999999.0 62.1     35.0     107.1    110.4    70.3     19.8     50.4     92.7     83.1     49.1     23.9     93.8     83.5     57.6     7.7      13.8     14.5     19.2     6.5      118.6    102.9    110.5    25.4     15.5     90.2     83.4     101.0    999999.0 124.7    92.8     43.1     113.1    85.5     45.1
999999.0 10.3     93.1     77.2     112.3    999999.0 0.0      5.7      38.6     114.7    21.6     28.6     50.5     3.4      12.8     46.1     123.0    85.1     94.1     16.3     999999.0 109.4    88.5     10.4     999999.0 999999.0 48.0     83.3     71.6     111.8    999999.0 19.9     118.7    116.3    80.3     119.3    21.3     44.4     41.1     4.2      123.5    94.9     999999.0 70.3     101.0    99.6     50.8     40.4     999999.0 16.6     33.6     16.0     5.0      999999.0 26.3     32.8     51.9     55.4     106.1    77.6     999999.0 103.0    92.1     10.8     92.0     52.9     999999.0 999999.0 67.7     14.9     23.6     2.7      40.3     999999.0 55.0     999999.0 100.8    114.6    999999.0 999999.0 42.0     37.6     91.4     52.9     33.6     999999.0 99.4     104.5    89.6     999999.0 8.1      44.3     8.2      113.9    104.6    59.9     999999.0 38.6     34.2     999999.0 42.1     47.2     999999.0 31.5     120.2    80.3     107.4    115.2    92.5     71.3     45.9     21.1     34.3     65.5     49.4     26.1     75.8     122.0    113.1    6.5
74.2     44.0     81.6     112.4    47.3     83.4     5.7      0.0      81.0     999999.0 39.8     1.9      41.5     4.6      47.3     36.7     999999.0 109.2    45.9     5.5      62.9     123.8    22.8     47.2     999999.0 75.3     999999.0 35.2     999999.0 124.9    58.8     20.3     106.6    43.0     999999.0 999999.0 2.9      79.5     23.6     76.1     65.0     17.5     21.7     6.4      109.1    111.8    33.8     2.9      999999.0 85.1     999999.0 999999.0 24.2     65.0     46.8     999999.0 117.3    83.2     45.0     38.2     121.6    40.4     999999.0 47.5     12.6     38.2     96.0     73.7     999999.0 9.1      999999.0 43.3     90.7     90.8     60.2     43.8     35.0     89.1     104.5    116.2    14.7     44.0     7.3      70.8     86.7     11.7     32.7     104.1    61.1     38.9     28.6     108.8    34.8     49.0     999999.0 94.8     54.3     11.9     37.4     32.2     95.8     124.8    999999.0 53.0     49.4     33.7     74.9     26.3     50.2     71.5     3.1      4.8      55.1     52.5     111.8    7.3      999999.0 21.5     63.8     124.4
79.5     37.8     77.8     49.1     62.3     86.2     38.6     81.0     0.0      22.5     5.8      122.5    76.9     10.9     63.0     48.2     84.5     999999.0 999999.0 15.3     45.9     999999.0 75.3     89.8     2.7      91.6     999999.0 59.0     63.0     999999.0 100.3    4.8      71.4     122.9    77.0     44.7     32.1     107.6    44.7     23.0     35.9     44.6     91.1     999999.0 44.1     40.3     37.8     33.6     112.5    54.0     109.8    60.8     47.2     34.4     17.9     100.7    112.3    95.4     91.0     42.2     26.0     60.7     47.8     77.5     20.2     80.5     94.8     13.1     7.9      11.6     74.0     109.7    124.5    66.8     64.3     68.2     5.9      999999.0 21.7     999999.0 61.0     110.8    34.3     123.3    999999.0 105.5    3.9      93.3     100.8    45.2     2.2      15.9     999999.0 59.2     49.1     37.4     42.3     23.5     100.0    7.8      20.1     18.9     48.6     47.1     105.2    8.1      999999.0 999999.0 104.8    106.9    999999.0 87.0     88.8     11.7     999999.0 33.6     73.9     73.7     999999.0 89.8
109.7    6.7      58.7     2.8      104.6    10.1     114.7    999999.0 22.5     0.0      87.9     98.9     117.8    92.2     999999.0 31.7     81.4     52.9     77.6     72.6     123.8    102.3    999999.0 4.5      3.4      999999.0 52.2     113.4    2.8      122.5    113.5    52.1     2.7      67.7     53.4     74.6     999999.0 999999.0 999999.0 999999.0 999999.0 44.3     110.3    118.4    999999.0 112.7    105.2    91.6     57.4     47.7     27.7     83.7     8.2      46.3     104.5    110.3    50.0     16.1     48.0     53.9     36.0     91.7     13.6     999999.0 98.9     63.6     93.0     109.7    52.0     3.1      21.6     32.8     999999.0 72.6     39.4     52.9     999999.0 9.1      71.0     62.9     119.7    69.7     123.1    47.8     123.9    76.6     85.4     76.0     999999.0 60.3     39.1     44.6     76.0     108.5    64.4     106.4    38.0     87.9     23.4     42.9     999999.0 68.9     104.8    81.5     25.4     118.5    120.9    18.2     82.0     56.9     54.7     22.5     49.6     66.0     39.0     7.7      38.0     31.3     999999.0 105.3
107.6    123.8    66.4     999999.0 58.7     80.6     21.6     39.8     5.8      87.9     0.0      15.4     2.2      57.5     13.3     97.3     20.4     57.2     40.0     13.9     29.8     22.5     26.2     35.1     113.9    7.6      36.5     54.3     108.9    55.4     10.2     29.2     40.0     999999.0 68.6     39.7     100.7    55.6     33.8     28.9     999999.0 19.8     47.7     97.4     118.5    34.1     19.6     10.5     4.4      98.4     12.4     55.1     83.0     6.8      108.2    32.9     48.3     37.3     53.7     109.1    51.0     999999.0 119.9    3.9      89.0     88.9     119.9    6.4      999999.0 46.1     106.6    999999.0 28.0     53.7     60.6     78.2     83.1     5.7      999999.0 999999.0 999999.0 7.4      117.1    86.2     1.5      2.5      4.1      13.8     67.7     81.3     78.7     999999.0 3.9      37.2     124.4    89.0     999999.0 3.1      119.6    999999.0 88.8     81.3     999999.0 58.4     80.1     999999.0 88.0     16.6     87.4     999999.0 71.3     58.5     77.0     999999.0 76.2     999999.0 29.7     79.7     106.5    103.9
123.9    68.2     19.3     58.5     18.6     74.3     28.6     1.9      122.5    98.9     15.4     0.0      64.8     108.5    107.7    74.5     999999.0 113.9    50.8     999999.0 999999.0 46.8     999999.0 103.2    91.4     110.2    114.7    96.3     20.6     25.8     95.6     46.0     999999.0 999999.0 94.2     999999.0 79.4     108.8    999999.0 2.0      999999.0 58.1     64.0     76.4     99.3     1.4      49.7     124.6    97.1     88.0     74.4     12.1     80.0     112.5    113.1    92.1     117.0    28.1     45.2     96.6     999999.0 122.5    72.6     92.8     9.2      999999.0 122.6    37.1     999999.0 28.1     34.4     119.9    107.5    17.8     93.8     31.5     999999.0 31.2     41.9     11.9     94.1     29.5     23.9     111.9    999999.0 122.9    99.7     32.4     999999.0 26.7     15.3     48.6     62.5     104.3    100.0    999999.0 83.6     17.6     32.6     67.0     999999.0 57.4     67.1     67.5     999999.0 36.6     109.9    8.5      46.1     14.6     41.9     112.7    9.8      60.4     89.7     71.3     89.2     46.2     36.7     26.4
25.9     37.2     73.8     58.9     999999.0 999999.0 50.5     41.5     76.9     117.8    2.2      64.8     0.0      76.8     43.5     999999.0 104.9    26.8     45.5     81.0     87.6     116.4    76.7     999999.0 34.7     41.5     51.7     999999.0 25.5     110.0    57.6     59.2     999999.0 60.1     33.7     79.5     122.9    22.4     53.7     22.1     121.9    68.2     2.8      999999.0 71.6     52.6     999999.0 56.9     19.7     122.3    74.0     999999.0 999999.0 999999.0 28.6     116.8    68.0     124.8    81.2     999999.0 65.6     98.4     64.7     42.2     40.1     115.1    999999.0 47.2     47.0     999999.0 85.7     56.9     41.4     90.5     61.9     22.8     102.3    47.6     20.5     94.9     999999.0 121.6    99.2     34.2     69.8     57.0     78.2     71.1     120.0    7.0      999999.0 18.2     106.2    72.3     12.5     38.9     54.9     65.0     65.0     86.1     90.8     999999.0 118.0    57.5     73.2     51.5     103.4    20.5     999999.0 7.7      69.0     999999.0 65.0     100.7    17.3     75.4     56.4     12.2     121.1    32.1
69.7     999999.0 28.2     58.7     87.9     52.5     3.4      4.6      10.9     92.2     57.5     108.5    76.8     0.0      99.8     5.9      8.0      75.0     43.0     5.3      97.5     84.1     70.0     94.5     999999.0 88.0     999999.0 33.2     9.4      2.4      82.6     999999.0 40.3     120.5    37.0     84.9     71.1     67.7     45.8     84.2     4.5      32.1     1.3      62.0     999999.0 123.1    108.0    104.5    65.6     36.0     114.7    31.6     999999.0 88.6     999999.0 43.0     37.6     21.1     68.5     96.2     6.7      30.6     7.3      70.1     25.4     105.5    42.4     69.3     34.7     57.5     50.2     15.4     36.6     69.8     999999.0 63.2     122.5    104.1    32.6     999999.0 64.3     5.0      66.6     79.7     61.3     999999.0 108.9    55.7     35.1     108.5    37.8     104.5    82.0     38.2     118.9    94.1     74.1     107.8    999999.0 63.6     77.7     5.7      25.9     16.6     59.1     84.9     84.6     55.2     94.7     87.7     1.2      79.0     117.7    74.5     100.7    29.7     89.8     80.9     4.8      110.6
999999.0 119.6    67.0     101.0    40.9     110.8    12.8     47.3     63.0     999999.0 13.3     107.7    43.5     99.8     0.0      98.9     22.9     57.7     999999.0 999999.0 82.8     99.4     2.2      44.1     34.2     58.3     999999.0 999999.0 999999.0 63.0     102.7    3.8      52.9     33.3     118.7    999999.0 999999.0 1.9      999999.0 999999.0 39.4     999999.0 55.1     6.0      8.8      999999.0 39.0     10.5     45.5     89.8     27.7     43.8     76.0     63.8     999999.0 999999.0 13.8     118.1    78.5     103.5    6.3      94.4     71.1     37.0     104.3    4.9      10.0     115.4    17.6     17.7     6.7      999999.0 111.3    39.9     49.9     999999.0 65.7     116.5    33.3     999999.0 69.8     2.5      100.6    36.9     999999.0 80.5     50.6     100.9    76.1     999999.0 92.7     42.4     55.5     109.7    111.9    75.4     64.6     120.7    999999.0 101.2    31.6     14.4     93.3     999999.0 999999.0 3.7      6.7      7.4      80.4     66.1     98.5     28.7     20.1     87.6     999999.0 47.9     32.2     999999.0 66.7     16.5
71.0     23.1     97.9     47.1     999999.0 24.4     46.1     36.7     48.2     31.7     97.3     74.5     999999.0 5.9      98.9     0.0      45.5     10.5     8.2      97.3     83.7     117.6    66.5     89.0     31.9     91.3     999999.0 84.9     56.9     4.9      53.7     38.0     37.3     999999.0 12.2     999999.0 78.1     999999.0 1.9      49.9     124.2    999999.0 32.0     11.4     45.1     19.8     23.0     52.4     41.3     42.9     999999.0 999999.0 58.5     95.7     48.2     46.6     119.7    77.9     22.1     98.6     32.6     124.9    999999.0 45.9     86.3     117.3    11.6     10.1     999999.0 999999.0 96.0     71.2     20.3     32.9     7.7      71.7     999999.0 17.9     23.4     91.8     40.8     10.8     84.8     31.0     87.2     117.7    24.8     26.1     999999.0 999999.0 68.9     44.6     105.8    83.5     120.8    67.5     51.6     35.9     59.4     26.3     999999.0 999999.0 12.8     34.6     33.6     999999.0 119.5    72.2     122.4    18.7     93.3     25.4     75.0     999999.0 14.7     88.4     80.4     120.3    66.6     113.1
999999.0 120.9    999999.0 999999.0 111.5    42.3     123.0    999999.0 84.5     81.4     20.4     999999.0 104.9    8.0      22.9     45.5     0.0      71.5     13.0     12.3     112.3    29.8     73.6     60.4     20.2     39.5     999999.0 28.2     37.0     71.5     7.5      9.9      35.1     39.7     50.8     50.7     93.9     999999.0 109.6    67.4     101.7    102.1    49.9     107.6    999999.0 28.1     999999.0 76.4     999999.0 65.4     117.1    33.8     118.9    999999.0 37.7     61.9     70.4     29.0     3.8      73.0     77.2     19.1     999999.0 95.8     93.1     999999.0 64.8     50.3     101.9    41.2     85.1     21.3     4.3      63.2     21.1     97.9     98.7     2.2      6.8      111.7    16.8     19.8     110.6    103.0    67.4     107.0    31.0     71.5     999999.0 95.0     72.0     78.4     7.6      95.3     7.8      17.9     999999.0 999999.0 83.1     89.6     92.7     28.7     42.9     999999.0 51.3     32.4     999999.0 27.0     91.9     105.3    77.9     93.6     100.8    108.4    10.9     93.6     83.7     24.8     20.4     3.2
73.6     48.2     52.8     46.6     75.7     123.9    85.1     109.2    999999.0 52.9     57.2     113.9    26.8     75.0     57.7     10.5     71.5     0.0      65.3     85.4     999999.0 59.3     100.3    107.7    35.5     71.2     999999.0 11.2     79.4     69.8     115.2    24.4     37.6     104.8    62.6     36.0     51.6     66.8     61.2     91.5     41.3     110.2    999999.0 69.1     115.9    48.2     75.0     5.0      17.2     124.3    999999.0 29.3     82.1     999999.0 76.1     13.7     82.3     999999.0 15.8     999999.0 45.9     71.6     5.3      117.5    92.4     5.0      999999.0 17.3     35.4     10.2     93.6     75.6     119.3    21.4     90.6     43.9     36.4     88.7     111.0    50.8     109.4    999999.0 999999.0 92.9     119.7    999999.0 29.4     118.2    66.6     104.4    25.2     51.5     999999.0 79.3     62.0     999999.0 46.8     16.2     28.1     34.6     117.4    22.5     54.8     34.2     91.9     33.2     43.3     83.4     36.9     85.1     18.1     1.2      112.3    17.9     123.1    3.4      999999.0 92.6     88.0     28.0
98.7     999999.0 33.0     999999.0 999999.0 3.6      94.1     45.9     999999.0 77.6     40.0     50.8     45.5     43.0     999999.0 8.2      13.0     65.3     0.0      62.7     47.8     13.8     56.8     5.6      97.9     83.0     95.2     999999.0 93.8     102.6    6.5      109.9    84.4     108.8    999999.0 73.8     999999.0 92.4     115.8    106.0    999999.0 104.3    119.4    999999.0 94.1     5.6      86.9     124.0    87.9     10.4     93.0     90.9     102.0    12.3     102.0    91.6     58.7     93.7     74.7     123.8    31.6     15.9     22.5     112.8    2.5      999999.0 117.9    77.7     9.1      124.1    15.8     46.0     2.4      7.1      70.6     83.8     27.2     58.3     56.8     4.1      1.5      82.8     85.1     109.4    78.1     48.3     999999.0 999999.0 94.2     123.4    36.4     53.8     30.3     121.6    79.2     37.4     107.9    4.6      113.3    91.8     999999.0 999999.0 20.6     10.5     52.1     69.3     123.6    19.2     89.6     79.3     11.8     14.0     8.5      36.8     999999.0 105.2    33.1     38.4     999999.0 6.3
9.4      35.7     7.3      999999.0 999999.0 77.3     16.3     5.5      15.3     72.6     13.9     999999.0 81.0     5.3      999999.0 97.3     12.3     85.4     62.7     0.0      106.5    999999.0 123.3    39.7     999999.0 121.1    15.7     26.1     89.5     999999.0 53.5     105.5    999999.0 82.0     100.2    98.6     25.1     73.7     40.5     51.9     999999.0 115.0    104.3    999999.0 43.8     999999.0 37.2     111.4    87.6     36.4     73.1     24.9     999999.0 21.9     999999.0 39.7     999999.0 124.1    37.7     21.2     84.9     94.3     16.7     63.1     108.2    66.4     88.8     118.4    999999.0 999999.0 98.2     999999.0 20.1     87.0     85.1     28.6     7.2      39.5     79.8     120.2    76.4     72.5     999999.0 32.9     66.0     26.3     999999.0 35.9     67.6     50.5     53.2     48.8     70.1     45.6     999999.0 5.3      122.4    121.6    104.6    27.0     77.9     101.5    6.1      111.3    52.0     999999.0 43.6     85.5     115.8    53.4     97.0     17.2     90.5     116.5    1.5      95.4     999999.0 62.4     999999.0 999999.0
22.6     100.5    96.6     999999.0 10.0     46.2     999999.0 62.9     45.9     123.8    29.8     999999.0 87.6     97.5     82.8     83.7     112.3    999999.0 47.8     106.5    0.0      12.7     46.9     999999.0 93.9     123.4    77.9     999999.0 4.3      118.7    999999.0 68.1     2.6      106.0    999999.0 52.0     22.7     27.9     25.4     56.5     72.8     999999.0 9.2      78.9     34.7     43.6     14.7     66.8     88.4     19.1     999999.0 66.6     7.7      105.6    82.1     106.4    24.1     50.8     12.2     119.5    88.0     77.0     999999.0 22.5     999999.0 38.5     77.0     86.1     123.9    29.3     101.1    999999.0 57.2     90.1     100.9    19.7     50.0     999999.0 33.1     999999.0 72.4     120.3    7.5      999999.0 2.7      999999.0 82.2     22.8     124.1    101.4    98.1     57.2     113.8    80.1     999999.0 14.8     78.1     92.0     999999.0 67.2     34.3     88.2     43.4     24.3     37.2     74.3     97.0     5.5      93.1     28.9     15.4     3.6      101.9    108.0    999999.0 74.6     46.6     74.6     63.1     38.6
118.5    53.0     61.4     999999.0 28.1     48.1     109.4    123.8    999999.0 102.3    22.5     46.8     116.4    84.1     99.4     117.6    29.8     59.3     13.8     999999.0 12.7     0.0      94.4     999999.0 103.0    999999.0 116.5    48.7     999999.0 38.1     80.8     119.9    999999.0 999999.0 60.3     38.0     16.0     49.2     31.2     36.6     51.5     119.4    49.0     999999.0 110.3    49.8     92.5     6.0      51.6     2.6      63.4     30.0     19.4     999999.0 10.9     1.1      96.0     83.9     999999.0 63.3     26.6     29.9     999999.0 55.9     91.2     78.3     8.8      99.8     61.0     13.8     999999.0 999999.0 5.5      114.2    11.3     54.6     999999.0 76.2     999999.0 65.4     121.1    74.6     15.5     96.5     55.0     36.1     12.2     114.1    12.7     46.9     999999.0 999999.0 94.9     123.8    999999.0 51.3     6.8      999999.0 7.0      999999.0 26.4     49.8     15.3     87.4     71.0     115.9    64.4     56.0     42.9     69.6     124.0    115.8    118.4    76.2     13.3     30.1     31.1     12.7     3.6      999999.0
92.3     999999.0 2.7      24.1     116.2    12.3     88.5     22.8     75.3     999999.0 26.2     999999.0 76.7     70.0     2.2      66.5     73.6     100.3    56.8     123.3    46.9     94.4     0.0      108.4    75.5     86.3     103.6    71.2     22.2     47.8     61.4     999999.0 17.8     105.4    66.2     65.9     999999.0 94.6     108.2    11.9     55.1     70.1     34.4     999999.0 44.8     59.2     103.9    2.1      23.6     15.8     24.7     93.3     81.2     999999.0 999999.0 60.7     999999.0 97.1     113.4    99.1     999999.0 99.8     21.8     34.1     999999.0 37.6     60.4     999999.0 74.0     16.4     999999.0 112.3    75.6     84.6     41.8     96.4     119.9    65.0     115.0    34.2     115.9    69.8     45.9     107.3    48.4     122.4    66.7     46.7     999999.0 44.6     97.4     81.7     40.1     9.6      103.3    999999.0 999999.0 114.4    26.4     999999.0 56.0     65.9     7.1      119.4    122.6    46.3     58.3     119.9    106.9    999999.0 122.7    7.0      59.5     86.5     116.7    23.1     117.8    99.8     76.4     82.8
999999.0 8.8      103.3    33.7     27.1     999999.0 10.4     47.2     89.8     4.5      35.1     103.2    999999.0 94.5     44.1     89.0     60.4     107.7    5.6      39.7     999999.0 999999.0 108.4    0.0      119.2    10.0     96.3     999999.0 1.6      999999.0 7.5      102.1    102.6    15.4     114.6    6.1      66.2     54.0     107.6    19.8     92.9     41.7     84.1     10.4     14.4     999999.0 106.5    63.5     4.5      999999.0 35.5     118.3    49.6     999999.0 20.8     36.9     107.5    999999.0 23.4     29.2     117.7    56.3     81.4     86.4     88.0     116.7    999999.0 999999.0 27.8     999999.0 26.8     26.5     2.2      999999.0 61.9     47.3     52.9     999999.0 18.7     43.6     6.6      105.2    34.1     60.6     33.3     999999.0 32.0     49.7     115.0    60.9     12.7     999999.0 26.4     999999.0 81.0     25.7     108.0    78.4     6.8      999999.0 9.0      999999.0 50.6     999999.0 106.2    44.9     49.6     115.5    14.9     79.7     76.5     114.2    48.6     113.1    999999.0 999999.0 81.7     15.9     32.5     999999.0
27.1     999999.0 76.9     999999.0 85.1     39.5     999999.0 999999.0 2.7      3.4      113.9    91.4     34.7     999999.0 34.2     31.9     20.2     35.5     97.9     999999.0 93.9     103.0    75.5     119.2    0.0      60.4     59.4     114.1    69.9     124.0    102.1    91.5     999999.0 33.5     4.9      91.3     23.4     15.1     85.5     999999.0 24.2     15.6     18.4     94.7     73.1     21.4     9.2      105.0    62.9     15.9     999999.0 12.1     95.5     25.4     111.9    30.0     111.0    47.5     81.5     45.7     82.7     49.3     31.7     15.7     33.0     999999.0 9.1      117.0    18.8     2.6      34.9     39.5     999999.0 111.5    999999.0 96.9     5.6      91.0     55.2     39.0     999999.0 999999.0 23.2     999999.0 78.3     61.0     43.1     15.1     999999.0 14.3     115.5    65.3     41.4     40.3     98.1     19.4     31.4     102.4    35.9     41.4     999999.0 97.0     32.9     94.7     94.0     999999.0 66.0     14.0     12.6     103.9    2.6      108.2    75.9     59.7     93.3     999999.0 80.7     115.1    45.5     79.3
74.1     40.6     114.4    88.8     112.5    122.5    999999.0 75.3     91.6     999999.0 7.6      110.2    41.5     88.0     58.3     91.3     39.5     71.2     83.0     121.1    123.4    999999.0 86.3     10.0     60.4     0.0      56.6     50.3     118.9    91.3     64.9     97.7     119.5    57.1     11.1     20.7     85.3     43.1     63.7     104.0    113.8    121.6    58.9     999999.0 55.6     4.0      22.3     122.2    36.5     70.9     33.8     112.3    2.4      5.9      80.1     36.5     104.0    72.5     118.5    81.6     121.3    38.1     124.4    47.4     25.6     78.0     999999.0 78.7     73.4     12.6     94.2     79.5     77.0     999999.0 999999.0 111.7    74.2     66.1     5.8      6.3      51.1     13.0     81.3     109.0    7.3      69.4     44.3     36.4     27.9     121.5    70.6     93.1     999999.0 8.9      123.2    999999.0 59.1     79.0     6.2      999999.0 113.0    30.6     119.1    27.4     28.7     103.2    8.1      57.5     121.3    12.8     19.2     67.9     36.1     77.8     17.2     63.0     80.6     5.2      44.1     999999.0
91.7     6.0      13.6     18.7     58.5     999999.0 48.0     999999.0 999999.0 52.2     36.5     114.7    51.7     999999.0 999999.0 999999.0 999999.0 999999.0 95.2     15.7     77.9     116.5    103.6    96.3     59.4     56.6     0.0      999999.0 999999.0 999999.0 26.2     999999.0 69.5     124.2    105.9    999999.0 34.1     78.6     122.9    86.1     65.8     999999.0 110.1    14.3     13.2     25.8     999999.0 71.7     38.4     119.1    124.7    102.7    16.9     4.8      118.0    19.3     8.0      34.9     29.4     32.1     10.1     121.9    58.1     52.0     96.1     95.0     118.3    70.2     92.6     81.0     64.3     99.6     999999.0 999999.0 86.4     56.7     19.0     999999.0 999999.0 109.6    36.2     52.3     75.7     70.1     999999.0 75.1     32.3     65.3     999999.0 113.0    94.5     80.6     70.5     24.6     34.8     62.9     30.9     999999.0 999999.0 6.1      21.6     7.1      96.3     78.4     999999.0 999999.0 999999.0 98.9     52.7     50.4     29.9     35.0     107.4    44.6     106.9    89.6     999999.0 72.5     77.2     999999.0
10.4     7.0      62.5     79.6     94.2     20.2     83.3     35.2     59.0     113.4    54.3     96.3     999999.0 33.2     999999.0 84.9     28.2     11.2     999999.0 26.1     999999.0 48.7     71.2     999999.0 114.1    50.3     999999.0 0.0      52.9     115.3    22.5     112.3    56.2     100.1    24.5     28.7     12.1     999999.0 49.4     94.7     45.9     14.1     1.5      6.4      999999.0 60.8     13.2     58.4     999999.0 115.4    58.6     999999.0 18.7     116.9    2.7      93.7     15.1     103.0    46.5     56.7     89.2     85.5     86.0     3.1      75.9     8.6      109.9    96.2     87.6     103.0    66.6     2.1      104.6    69.2     1.7      61.4     102.4    999999.0 15.9     65.2     18.5     60.4     108.8    93.1     67.5     109.7    24.8     96.2     26.1     67.1     82.7     19.7     102.5    35.2     999999.0 1.6      21.2     4.1      57.3     17.8     90.0     96.0     82.5     55.7     111.7    60.5     10.7     999999.0 77.4     43.5     9.4      999999.0 80.4     999999.0 116.8    106.2    94.8     999999.0 122.6    2.2
15.9     62.2     81.1     47.7     72.5     999999.0 71.6     999999.0 63.0     2.8      108.9    20.6     25.5     9.4      999999.0 56.9     37.0     79.4     93.8     89.5     4.3      999999.0 22.2     1.6      69.9     118.9    999999.0 52.9     0.0      15.0     999999.0 999999.0 999999.0 75.5     21.7     91.0     116.6    45.3     38.5     10.6     92.2     999999.0 92.1     15.2     68.6     15.3     999999.0 12.7     115.2    23.1     101.7    117.1    100.9    105.0    75.7     102.7    73.3     52.7     26.2     22.8     85.7     4.9      29.2     115.2    56.5     53.0     999999.0 45.5     999999.0 120.3    10.3     20.6     41.2     23.3     40.4     35.5     80.7     52.4     32.8     93.6     123.9    56.9     63.6     999999.0 105.6    101.2    100.5    119.6    54.7     101.8    64.5     116.0    59.9     94.2     999999.0 999999.0 30.5     112.3    92.9     52.4     999999.0 85.8     89.1     86.4     62.2     32.8     28.8     74.1     115.6    25.2     999999.0 118.8    999999.0 72.2     999999.0 19.1     5.4      27.5     1.2      61.5
53.4     51.2     25.4     92.8     19.0     92.8     111.8    124.9    999999.0 122.5    55.4     25.8     110.0    2.4      63.0     4.9      71.5     69.8     102.6    999999.0 118.7    38.1     47.8     999999.0 124.0    91.3     999999.0 115.3    15.0     0.0      47.9     4.6      27.0     46.2     27.6     89.8     47.6     27.9     999999.0 999999.0 65.6     98.4     999999.0 999999.0 32.7     111.1    999999.0 39.5     97.1     9.5      27.4     91.4     3.0      12.6     98.2     999999.0 999999.0 75.4     67.1     37.2     119.4    76.5     3.8      31.4     999999.0 65.0     119.2    26.4     999999.0 109.5    13.5     112.3    65.7     8.3      999999.0 32.6     52.1     34.8     54.8     44.8     76.4     76.1     999999.0 108.3    84.2     71.2     95.4     124.0    121.8    999999.0 96.6     999999.0 113.1    101.5    999999.0 999999.0 110.0    23.1     107.8    33.2     68.4     57.1     8.6      90.2     43.4     43.6     124.4    999999.0 16.7     58.7     35.5     95.4     29.8     18.7     999999.0 59.5     94.0     64.8     35.2     15.4
122.5    97.2     22.4     999999.0 93.1     999999.0 999999.0 58.8     100.3    113.5    10.2     95.6     57.6     82.6     102.7    53.7     7.5      115.2    6.5      53.5     999999.0 80.8     61.4     7.5      102.1    64.9     26.2     22.5     999999.0 47.9     0.0      100.4    75.7     999999.0 63.6     45.0     56.5     10.6     105.7    41.2     101.7    98.6     29.2     55.1     999999.0 113.2    121.2    42.6     102.5    23.4     7.6      123.5    2.4      36.1     44.0     999999.0 96.8     18.2     107.9    78.6     49.7     999999.0 81.2     101.8    95.1     74.2     999999.0 91.2     45.6     81.2     999999.0 23.7     999999.0 102.1    104.8    93.1     11.2     59.4     74.5     44.2     90.5     33.8     5.2      47.1     81.4     72.4     96.8     55.5     81.6     88.2     106.0    104.9    123.6    23.5     10.9     45.7     22.4     999999.0 999999.0 999999.0 109.9    77.8     999999.0 66.7     115.2    46.2     26.3     2.9      82.7     89.8     67.3     79.4     106.3    121.8    30.5     18.4     999999.0 999999.0 19.6     80.5
76.3     105.1    65.4     87.1     93.8     48.2     19.9     20.3     4.8      52.1     29.2     46.0     59.2     999999.0 3.8      38.0     9.9      24.4     109.9    105.5    68.1     119.9    999999.0 102.1    91.5     97.7     999999.0 112.3    999999.0 4.6      100.4    0.0      25.8     87.5     105.0    16.0     16.9     87.3     81.0     73.5     41.6     999999.0 999999.0 75.3     118.8    1.6      60.3     999999.0 30.0     999999.0 116.8    18.4     67.2     119.6    26.1     999999.0 999999.0 47.6     999999.0 32.7     85.2     106.4    50.1     999999.0 99.8     37.9     109.7    85.8     40.8     999999.0 123.2    8.8      62.3     999999.0 999999.0 38.0     119.6    113.9    999999.0 97.1     79.5     28.9     11.0     37.8     999999.0 41.7     95.4     999999.0 72.6     16.2     63.3     56.1     999999.0 113.1    41.8     111.7    45.7     6.5      95.6     999999.0 42.4     52.4     54.7     114.1    74.8     34.4     113.8    5.3      72.4     69.0     119.5    120.2    80.3     40.2     61.7     73.1     28.7     7.7      1.4      47.5
30.4     96.9     85.6     85.6     999999.0 6.9      118.7    106.6    71.4     2.7      40.0     999999.0 999999.0 40.3     52.9     37.3     35.1     37.6     84.4     999999.0 2.6      999999.0 17.8     102.6    999999.0 119.5    69.5     56.2     999999.0 27.0     75.7     25.8     0.0      19.2     90.8     75.2     26.2     52.0     85.3     78.5     77.9     37.6     52.5     36.2     999999.0 9.7      55.0     56.2     28.0     44.3     15.4     999999.0 99.4     11.1     30.5     97.1     8.2      999999.0 999999.0 8.9      73.4     111.5    999999.0 117.8    21.6     59.2     23.9     999999.0 54.4     12.6     21.2     83.8     107.9    84.9     91.2     82.1     102.1    67.9     56.0     84.2     999999.0 94.5     50.1     41.6     100.4    999999.0 999999.0 104.8    30.3     79.3     106.6    33.8     9.2      40.5     62.6     8.2      2.2      28.7     8.5      999999.0 92.4     999999.0 999999.0 40.8     72.0     23.4     51.2     87.5     999999.0 999999.0 27.6     29.8     33.5     999999.0 31.0     17.0     123.8    6.2      33.4     54.5
24.4     22.3     120.2    45.6     999999.0 999999.0 116.3    43.0     122.9    67.7     999999.0 999999.0 60.1     120.5    33.3     999999.0 39.7     104.8    108.8    82.0     106.0    999999.0 105.4    15.4     33.5     57.1     124.2    100.1    75.5     46.2     999999.0 87.5     19.2     0.0      22.6     91.1     54.4     84.6     80.9     41.1     86.1     24.1     15.3     110.0    999999.0 7.2      61.0     67.4     58.0     22.4     102.3    62.6     999999.0 124.0    46.7     107.6    122.5    999999.0 78.4     13.4     105.7    999999.0 999999.0 999999.0 11.9     20.4     25.3     110.2    68.3     113.3    35.9     58.0     40.9     93.4     999999.0 999999.0 70.2     70.5     33.7     118.1    96.4     27.6     7.9      20.3     31.4     999999.0 108.7    999999.0 121.0    120.0    119.1    999999.0 102.7    47.3     97.2     103.2    8.6      101.7    108.5    25.8     74.1     83.1     106.9    114.9    92.5     110.4    87.8     58.6     22.0     15.4     75.6     100.5    117.3    120.7    28.2     74.6     118.3    19.4     60.4     999999.0
105.7    70.8     2.2      41.5     46.6     33.4     80.3     999999.0 77.0     53.4     68.6     94.2     33.7     37.0     118.7    12.2     50.8     62.6     999999.0 100.2    999999.0 60.3     66.2     114.6    4.9      11.1     105.9    24.5     21.7     27.6     63.6     105.0    90.8     22.6     0.0      29.9     101.0    79.9     51.2     124.1    21.7     39.2     60.0     56.0     999999.0 73.7     108.4    13.8     77.2     35.2     18.6     73.8     50.2     30.5     99.0     39.2     24.6     65.0     51.6     55.1     12.9     999999.0 999999.0 23.6     48.3     77.7     999999.0 999999.0 40.8     999999.0 111.3    999999.0 83.1     100.0    110.1    97.4     90.7     50.8     999999.0 65.6     67.9     33.4     124.9    95.7     87.3     56.9     999999.0 9.2      35.3     97.0     42.7     26.6     42.4     75.5     18.5     76.9     74.5     61.8     999999.0 98.6     107.9    81.9     85.0     4.2      56.9     43.6     111.5    999999.0 92.5     95.8     999999.0 68.0     35.6     13.7     11.0     98.3     43.9     10.1     110.0    16.4
32.9     50.3     115.5    112.3    12.0     4.9      119.3    999999.0 44.7     74.6     39.7     999999.0 79.5     84.9     999999.0 999999.0 50.7     36.0     73.8     98.6     52.0     38.0     65.9     6.1      91.3     20.7     999999.0 28.7     91.0     89.8     45.0     16.0     75.2     91.1     29.9     0.0      66.7     69.2     84.5     74.1     29.9     97.3     73.8     999999.0 35.0     21.7     79.0     100.2    122.4    30.9     90.3     999999.0 109.3    67.4     20.7     999999.0 94.3     21.6     999999.0 115.9    105.8    999999.0 49.1     37.1     16.6     25.4     107.4    20.0     64.0     53.5     16.4     120.3    999999.0 999999.0 999999.0 35.1     6.6      121.7    75.6     72.2     26.4     999999.0 56.2     97.0     51.6     14.4     7.6      60.8     26.5     122.4    114.0    89.5     60.2     19.9     85.4     120.6    86.0     121.4    73.3     44.9     121.7    45.1     44.3     999999.0 62.8     120.3    28.5     77.2     78.9     120.2    96.6     80.7     123.9    117.3    57.8     16.4     114.5    85.0     45.2     51.6
